256192
923127
21605
889766
347577
382085
886446
7322
82468
426108
774699
241891
456415
696641
724235
532648
871829
301640
495733
641795
731247
372001
348105
83086
945484
434315
508006
925435
404681
304455
815757
374592
804702
775336
907227
476509
100178
791071
793575
628003
184896
180632
793595
646289
750042
949462
648539
314174
883476
526024
949806
319187
350762
966145
789502
890617
34511
291620
216594
348847
718988
759762
726572
476438
428345
870648
854628
999083
182502
857849
177074
262535
374223
149013
30347
890054
946613
788390
114009
33543
768790
992434
475040
260770
426254
675618
89712
707809
426411
190508
215251
49909
424798
787523
65887
568892
535717
661673
580578
124598
443225
896357
358066
137342
333047
932980
949679
106510
481835
613728
376854
153118
657785
616780
262457
602348
292047
767149
240669
150704
846220
321680
635202
924811
776482
624532
262842
860369
149607
627830
714041
664720
922044
233797
153300
835135
516864
182957
62822
478325
949208
462760
416408
999444
348323
888034
157476
423893
455631
782068
14252
219293
36158
376035
130187
325902
887004
988940
528257
972819
883803
304066
857764
663700
788689
795060
560762
22750
367168
446117
650196
542143
621568
100737
410459
327889
988274
765210
183267
250516
898057
286590
130102
837928
591720
553112
844982
625695
287986
207252
240494
530682
324550
733327
700510
450016
478170
641129
194033
454572
658091
643931
717756
739246
987683
598455
832886
567617
828929
330357
955038
480634
253282
637411
523262
323044
305713
881400
380662
702645
217700
451055
304933
758979
293665
150510
811376
557332
266918
829501
803430
237629
337300
574185
35800
775387
860087
227074
676309
302182
580375
633757
733794
652550
454925
776164
792783
783368
273104
283312
502797
778279
39899
465958
553602
528975
236035
700640
527929
449933
832714
879454
585351
529112
702189
906379
915842
825891
163042
72192
260975
713632
189356
686114
169094
302787
335924
148414
14578
53945
434721
255734
560934
305634
779448
728026
435881
637151
593025
294727
571237
353331
301538
229449
181570
817205
255459
611220
51347
323672
707311
184754
505536
1277
143473
546899
16869
551342
516501
71622
670972
736025
237863
473373
91934
411697
348889
16135
866936
197013
304331
64395
275086
137157
659460
589113
121093
702736
896505
10044
515736
601491
346261
538258
192989
354987
657092
827329
263993
380918
222498
594613
889870
418552
309272
7701
942876
858021
494409
465437
222607
604385
17741
249755
456742
769425
219784
747067
992392
958679
855926
254932
736284
370511
806964
931272
652519
809908
371201
316809
670684
270016
102670
113726
807301
918378
779748
365342
951382
849236
597357
396080
394146
836020
313509
912169
319593
111322
345610
802533
17250
980915
896725
61911
401909
832497
121408
939344
369069
903010
874038
486441
512468
916729
332786
802472
506445
153926
567532
481712
717160
549841
893064
983593
592800
48667
331485
31081
120867
695337
222555
856000
401919
454903
63637
214262
306024
622996
29262
70329
753405
382575
933230
576416
958603
196572
891430
123283
590363
843381
565137
850010
376077
314200
20182
998488
223056
968951
47103
679883
464317
578535
475237
119113
713190
76407
332116
420467
576709
788381
405862
749063
963038
418133
695467
734485
863103
778810
980650
553609
491380
457841
627771
155445
802917
354701
429162
971133
30164
457714
644403
355763
866682
224235
559690
821837
830999
198291
808950
864604
424217
361516
296787
75339
21393
999108
417858
733016
179391
314797
908660
283739
791701
941046
341090
532282
636062
274459
878981
404339
365202
166208
2716
269903
694904
643595
691192
425638
492607
89936
852871
952394
307334
189293
299160
977419
847830
878408
669025
782507
118370
483424
2098
722746
627576
447079
996635
509778
181759
203821
344611
741438
187217
194483
899017
765939
857880
745802
428312
936805
802490
610861
294742
333647
489944
51234
251938
249810
806177
669590
239853
524598
619470
777150
602801
766875
747183
271357
822139
759192
569524
308552
434328
883934
794369
876109
39429
793369
808487
146979
753005
522400
302906
971570
692251
780019
744064
516986
977504
94938
35229
35769
860391
374448
826758
64907
110667
148721
982039
353826
148177
295701
815027
195254
466006
900653
172786
369866
729071
35887
645607
376797
218887
180678
693725
266116
586985
407276
420378
743338
476740
594095
648819
620531
867078
908975
9626
686612
138359
726461
138124
272927
32600
662534
96337
691169
732656
817048
602158
689762
36800
235486
292524
816474
730028
523957
18141
80033
679512
816490
740206
973301
30145
17223
990070
888175
821294
494875
914412
84462
41711
872048
105883
682865
72763
739083
47977
451879
202635
689744
384014
578443
242565
847292
925533
665252
26888
533225
224970
767992
552116
279902
74409
411636
628408
697705
465208
803417
530253
47219
913468
318679
760697
235032
826181
505673
687808
711404
673669
178626
211596
192660
761609
726348
702068
305099
559855
339018
214307
235271
82529
776396
143891
703724
463048
504375
214952
457523
455532
222028
973375
471916
676989
619727
189532
181650
864111
800257
657215
863542
925280
654461
980188
997530
979038
825474
298791
379106
23705
771423
363003
278164
376237
195178
948835
42581
233917
228433
665117
65190
360447
538166
908297
41455
51150
760848
113486
799756
401767
866199
187569
346164
966849
136941
255770
731302
826056
152
172658
494624
918187
376934
977059
450243
683883
913231
383743
580769
863379
225674
605027
437211
846221
494997
178132
573518
992959
34886
385764
121364
444762
180120
702157
970069
356961
287832
756760
664595
985757
966625
686842
869196
974408
579512
15672
699129
411406
988607
165064
962378
457776
931662
119822
243165
180679
950690
184921
382906
680985
653424
618845
646452
189127
803771
488117
86628
789595
998104
719550
747042
751432
472036
432683
661249
691639
411162
96656
590483
889000
879350
40850
973022
485582
947665
865550
843263
765005
489286
474152
379326
908507
747345
541989
868722
942121
155771
865006
526319
466564
548339
626281
215892
334356
59157
20908
368034
147527
842904
599729
971337
351371
395789
345073
317961
349244
860627
469759
393210
122081
880498
747576
822859
625532
210485
672397
50698
185156
573376
527169
283719
511259
56284
881506
633733
429393
710978
237215
167063
769304
814561
684858
690914
930740
23877
435141
323752
965281
153028
895763
87316
756895
152804
228705
988977
552312
319678
469292
877323
673554
983951
271904
878122
123754
309952
790913
526565
887860
471704
31068
629279
770623
26624
682581
704545
517496
789513
96279
266747
356053
653677
330129
784473
606326
91953
72360
185298
602155
876493
863912
41065
725875
394806
979042
432941
739508
229931
96152
397278
133801
380606
933963
221215
112118
372717
184428
236314
806597
511039
510506
588119
237967
695087
39497
825689
135422
861533
732351
99985
52352
117067
543988
971742
938902
262562
662587
217402
789854
543937
530578
157803
352808
720941
293925
366457
506909
861628
756569
887617
459605
244849
