256193
923128
21606
889767
347578
382086
886447
7323
82469
426109
774700
241892
456416
696642
724236
532649
871830
301641
495734
641796
731248
372002
348106
83087
945485
434316
508007
925436
404682
304456
815758
374593
804703
775337
907228
476510
100179
791072
793576
628004
184897
180633
793596
646290
750043
949463
648540
314175
883477
526025
949807
319188
350763
966146
789503
890618
34512
291621
216595
348848
718989
759763
726573
476439
428346
870649
854629
999084
182503
857850
177075
262536
374224
149014
30348
890055
946614
788391
114010
33544
768791
992435
475041
260771
426255
675619
89713
707810
426412
190509
215252
49910
424799
787524
65888
568893
535718
661674
580579
124599
443226
896358
358067
137343
333048
932981
949680
106511
481836
613729
376855
153119
657786
616781
262458
602349
292048
767150
240670
150705
846221
321681
635203
924812
776483
624533
262843
860370
149608
627831
714042
664721
922045
233798
153301
835136
516865
182958
62823
478326
949209
462761
416409
999445
348324
888035
157477
423894
455632
782069
14253
219294
36159
376036
130188
325903
887005
988941
528258
972820
883804
304067
857765
663701
788690
795061
560763
22751
367169
446118
650197
542144
621569
100738
410460
327890
988275
765211
183268
250517
898058
286591
130103
837929
591721
553113
844983
625696
287987
207253
240495
530683
324551
733328
700511
450017
478171
641130
194034
454573
658092
643932
717757
739247
987684
598456
832887
567618
828930
330358
955039
480635
253283
637412
523263
323045
305714
881401
380663
702646
217701
451056
304934
758980
293666
150511
811377
557333
266919
829502
803431
237630
337301
574186
35801
775388
860088
227075
676310
302183
580376
633758
733795
652551
454926
776165
792784
783369
273105
283313
502798
778280
39900
465959
553603
528976
236036
700641
527930
449934
832715
879455
585352
529113
702190
906380
915843
825892
163043
72193
260976
713633
189357
686115
169095
302788
335925
148415
14579
53946
434722
255735
560935
305635
779449
728027
435882
637152
593026
294728
571238
353332
301539
229450
181571
817206
255460
611221
51348
323673
707312
184755
505537
1278
143474
546900
16870
551343
516502
71623
670973
736026
237864
473374
91935
411698
348890
16136
866937
197014
304332
64396
275087
137158
659461
589114
121094
702737
896506
10045
515737
601492
346262
538259
192990
354988
657093
827330
263994
380919
222499
594614
889871
418553
309273
7702
942877
858022
494410
465438
222608
604386
17742
249756
456743
769426
219785
747068
992393
958680
855927
254933
736285
370512
806965
931273
652520
809909
371202
316810
670685
270017
102671
113727
807302
918379
779749
365343
951383
849237
597358
396081
394147
836021
313510
912170
319594
111323
345611
802534
17251
980916
896726
61912
401910
832498
121409
939345
369070
903011
874039
486442
512469
916730
332787
802473
506446
153927
567533
481713
717161
549842
893065
983594
592801
48668
331486
31082
120868
695338
222556
856001
401920
454904
63638
214263
306025
622997
29263
70330
753406
382576
933231
576417
958604
196573
891431
123284
590364
843382
565138
850011
376078
314201
20183
998489
223057
968952
47104
679884
464318
578536
475238
119114
713191
76408
332117
420468
576710
788382
405863
749064
963039
418134
695468
734486
863104
778811
980651
553610
491381
457842
627772
155446
802918
354702
429163
971134
30165
457715
644404
355764
866683
224236
559691
821838
831000
198292
808951
864605
424218
361517
296788
75340
21394
999109
417859
733017
179392
314798
908661
283740
791702
941047
341091
532283
636063
274460
878982
404340
365203
166209
2717
269904
694905
643596
691193
425639
492608
89937
852872
952395
307335
189294
299161
977420
847831
878409
669026
782508
118371
483425
2099
722747
627577
447080
996636
509779
181760
203822
344612
741439
187218
194484
899018
765940
857881
745803
428313
936806
802491
610862
294743
333648
489945
51235
251939
249811
806178
669591
239854
524599
619471
777151
602802
766876
747184
271358
822140
759193
569525
308553
434329
883935
794370
876110
39430
793370
808488
146980
753006
522401
302907
971571
692252
780020
744065
516987
977505
94939
35230
35770
860392
374449
826759
64908
110668
148722
982040
353827
148178
295702
815028
195255
466007
900654
172787
369867
729072
35888
645608
376798
218888
180679
693726
266117
586986
407277
420379
743339
476741
594096
648820
620532
867079
908976
9627
686613
138360
726462
138125
272928
32601
662535
96338
691170
732657
817049
602159
689763
36801
235487
292525
816475
730029
523958
18142
80034
679513
816491
740207
973302
30146
17224
990071
888176
821295
494876
914413
84463
41712
872049
105884
682866
72764
739084
47978
451880
202636
689745
384015
578444
242566
847293
925534
665253
26889
533226
224971
767993
552117
279903
74410
411637
628409
697706
465209
803418
530254
47220
913469
318680
760698
235033
826182
505674
687809
711405
673670
178627
211597
192661
761610
726349
702069
305100
559856
339019
214308
235272
82530
776397
143892
703725
463049
504376
214953
457524
455533
222029
973376
471917
676990
619728
189533
181651
864112
800258
657216
863543
925281
654462
980189
997531
979039
825475
298792
379107
23706
771424
363004
278165
376238
195179
948836
42582
233918
228434
665118
65191
360448
538167
908298
41456
51151
760849
113487
799757
401768
866200
187570
346165
966850
136942
255771
731303
826057
153
172659
494625
918188
376935
977060
450244
683884
913232
383744
580770
863380
225675
605028
437212
846222
494998
178133
573519
992960
34887
385765
121365
444763
180121
702158
970070
356962
287833
756761
664596
985758
966626
686843
869197
974409
579513
15673
699130
411407
988608
165065
962379
457777
931663
119823
243166
180680
950691
184922
382907
680986
653425
618846
646453
189128
803772
488118
86629
789596
998105
719551
747043
751433
472037
432684
661250
691640
411163
96657
590484
889001
879351
40851
973023
485583
947666
865551
843264
765006
489287
474153
379327
908508
747346
541990
868723
942122
155772
865007
526320
466565
548340
626282
215893
334357
59158
20909
368035
147528
842905
599730
971338
351372
395790
345074
317962
349245
860628
469760
393211
122082
880499
747577
822860
625533
210486
672398
50699
185157
573377
527170
283720
511260
56285
881507
633734
429394
710979
237216
167064
769305
814562
684859
690915
930741
23878
435142
323753
965282
153029
895764
87317
756896
152805
228706
988978
552313
319679
469293
877324
673555
983952
271905
878123
123755
309953
790914
526566
887861
471705
31069
629280
770624
26625
682582
704546
517497
789514
96280
266748
356054
653678
330130
784474
606327
91954
72361
185299
602156
876494
863913
41066
725876
394807
979043
432942
739509
229932
96153
397279
133802
380607
933964
221216
112119
372718
184429
236315
806598
511040
510507
588120
237968
695088
39498
825690
135423
861534
732352
99986
52353
117068
543989
971743
938903
262563
662588
217403
789855
543938
530579
157804
352809
720942
293926
366458
506910
861629
756570
887618
459606
244850
