695947
246751
167176
896226
806551
337683
527799
196057
910181
258906
878899
200214
560834
785970
522568
96039
624109
813265
640589
766333
364824
485146
869354
467713
769782
69831
232216
681662
887673
499096
625439
544986
705208
809199
729143
637922
909119
595191
627305
677108
540180
738785
41441
68158
235412
922036
147290
157880
537683
51304
961249
199838
975662
589517
612676
532223
931468
516757
934356
299728
80670
613881
802322
104616
576810
785447
697586
595906
883865
112847
687193
133050
906047
524187
367085
515511
408222
853085
43333
174593
803453
537765
183305
706295
708931
796080
800406
986202
201961
708937
25850
473056
319175
201298
436626
314156
608614
806533
249806
754884
