695948
246752
167177
896227
806552
337684
527800
196058
910182
258907
878900
200215
560835
785971
522569
96040
624110
813266
640590
766334
364825
485147
869355
467714
769783
69832
232217
681663
887674
499097
625440
544987
705209
809200
729144
637923
909120
595192
627306
677109
540181
738786
41442
68159
235413
922037
147291
157881
537684
51305
961250
199839
975663
589518
612677
532224
931469
516758
934357
299729
80671
613882
802323
104617
576811
785448
697587
595907
883866
112848
687194
133051
906048
524188
367086
515512
408223
853086
43334
174594
803454
537766
183306
706296
708932
796081
800407
986203
201962
708938
25851
473057
319176
201299
436627
314157
608615
806534
249807
754885
